seeds:
 194657215 187012821 1093203236 6077151 44187305 148722449 2959577030 152281079 3400626717 198691716 1333399202 287624830 2657325069 35258407 1913289352 410917164 1005856673 850939 839895010 162018909

apply map: seed-to-soil
 525959837 518315443 1093203236 173608595 211718749 480025071 1539915868 483583701 1980965555 529994338 2479171844 618927452 2349667938 202789851 2647905067 11867078 1005856673 168382383 839895010 493321531

apply map: soil-to-fertilizer
 525959837 518315443 1093203236 173608595 211718749 480025071 3015204110 483583701 3269193956 529994338 1763766374 618927452 1634262468 202789851 2119559438 11867078 1005856673 168382383 839895010 493321531

apply map: fertilizer-to-water
 474683836 467039442 1784078797 1415511862 1453622016 428749070 2441825131 432307700 3047749076 478718337 160683685 567651451 1063537661 1444693118 2574989351 788715695 1273627725 1410285650 1155353480 442045530

apply map: water-to-light
 59675604 52031210 2069137077 2255797990 2293908144 13740838 3188084118 17299468 3139339617 63710105 650398679 1057141038 1212451599 2284979246 3914413440 1951618493 1560488307 2250571778 1304267418 27037298

apply map: light-to-temperature
 59675604 52031210 4016193288 2983574691 3021684845 13740838 2375122824 17299468 2326378323 63710105 552863948 268762779 424073340 3012755947 3175552844 3898674704 3507544518 2978348479 1304267418 27037298

apply map: temperature-to-humidity
 1574750729 1567106335 3314475289 1968572572 2006682726 1362225199 4156468954 1365783829 4107724453 1578785230 834942411 550841242 706151803 1997753828 2323232599 3196956705 4235174595 1963346360 1202519189 1375521659

apply map: humidity-to-location
 881943038 874298644 3873623016 162437606 2006682726 669417508 2254934355 672976138 2206189854 885977539 1706146351 1422045182 1577355743 191618862 2882380326 3756104432 2333639996 157211394 509711498 682713968

Closest location 157211394
